61, 45, 30, Red
40, 78, 81, Blue
30, 59, 100, Blue
15, 100, 58, Blue
100, 46, 51, Red
22, 28, 55, Red
96, 0, 11, Red
17, 92, 62, Blue
26, 100, 32, Blue
33, 80, 25, Blue
29, 100, 42, Blue
29, 79, 100, Blue
36, 82, 88, Blue
54, 68, 68, Blue
60, 46, 62, Blue
13, 100, 63, Blue
92, 28, 38, Red
49, 59, 78, Blue
19, 100, 61, Blue
100, 25, 66, Red
64, 52, 54, Red
59, 39, 0, Red
54, 68, 56, Blue
41, 55, 68, Red
24, 78, 46, Blue
30, 30, 84, Blue
41, 63, 61, Blue
28, 88, 48, Blue
47, 69, 100, Blue
67, 0, 85, Red
35, 100, 44, Blue
41, 31, 17, Red
51, 90, 14, Blue
24, 84, 66, Blue
62, 80, 23, Blue
80, 0, 0, Red
47, 90, 70, Blue
18, 81, 30, Blue
66, 100, 32, Blue
10, 61, 82, Blue
11, 59, 82, Blue
79, 88, 86, Blue
63, 64, 66, Blue
100, 58, 55, Red
11, 70, 86, Blue
42, 82, 60, Blue
100, 61, 15, Red
29, 100, 26, Blue
26, 82, 100, Blue
23, 40, 60, Blue
14, 79, 78, Blue
20, 85, 58, Blue
41, 86, 69, Blue
42, 48, 100, Blue
36, 52, 90, Blue
73, 21, 5, Red
20, 39, 100, Blue
65, 91, 24, Red
35, 62, 88, Blue
47, 80, 66, Blue
5, 100, 78, Blue
59, 56, 55, Red
10, 91, 57, Blue
36, 86, 29, Blue
33, 52, 58, Blue
93, 38, 24, Red
47, 77, 56, Blue
37, 100, 62, Blue
45, 11, 20, Red
44, 95, 1, Blue
30, 75, 70, Blue
100, 15, 47, Red
100, 27, 17, Red
25, 100, 62, Blue
24, 82, 81, Blue
45, 100, 56, Blue
37, 46, 22, Blue
38, 43, 79, Blue
100, 0, 3, Red
19, 48, 23, Blue
75, 15, 49, Red
100, 38, 29, Red
36, 94, 82, Blue
28, 100, 81, Blue
99, 13, 52, Red
19, 100, 15, Blue
42, 28, 39, Red
25, 88, 79, Blue
36, 77, 45, Blue
54, 44, 46, Blue
85, 35, 6, Red
35, 95, 50, Blue
79, 0, 29, Red
16, 93, 70, Blue
31, 52, 39, Blue
79, 71, 32, Red
39, 43, 58, Blue
21, 53, 73, Blue
28, 100, 54, Blue
100, 32, 53, Red
91, 27, 37, Red
31, 63, 17, Blue
88, 23, 44, Red
30, 29, 80, Blue
100, 55, 59, Red
29, 100, 12, Blue
34, 62, 54, Blue
54, 70, 44, Blue
32, 100, 57, Blue
19, 75, 80, Blue
43, 20, 23, Red
100, 6, 13, Red
32, 71, 88, Blue
52, 0, 87, Red
100, 21, 24, Red
88, 39, 16, Red
33, 69, 72, Blue
67, 16, 35, Red
29, 41, 55, Blue
73, 26, 44, Red
25, 98, 40, Blue
100, 12, 52, Red
87, 23, 67, Red
91, 20, 16, Red
72, 100, 38, Blue
3, 55, 46, Blue
31, 90, 62, Blue
37, 100, 20, Blue
60, 38, 37, Red
100, 2, 35, Red
37, 29, 66, Red
32, 89, 63, Blue
87, 50, 75, Red
30, 100, 78, Blue
100, 58, 11, Red
59, 89, 43, Blue
49, 56, 27, Red
60, 100, 95, Blue
50, 64, 58, Blue
9, 73, 75, Blue
48, 61, 74, Blue
11, 83, 88, Blue
100, 7, 80, Red
50, 19, 13, Red
55, 38, 55, Blue
10, 29, 42, Red
19, 100, 95, Blue
42, 100, 100, Blue
0, 100, 56, Blue
55, 54, 63, Blue
100, 39, 88, Red
48, 54, 41, Blue
28, 31, 0, Red
38, 100, 86, Blue
19, 96, 77, Blue
46, 76, 80, Blue
32, 80, 73, Blue
88, 30, 30, Red
100, 29, 18, Red
25, 35, 24, Red
100, 19, 41, Red
58, 58, 64, Blue
18, 100, 78, Blue
45, 79, 63, Blue
50, 92, 51, Blue
100, 24, 0, Red
78, 27, 66, Red
39, 53, 60, Blue
20, 100, 69, Blue
2, 29, 53, Red
10, 30, 91, Red
89, 38, 19, Red
46, 25, 26, Red
16, 72, 49, Blue
28, 98, 39, Blue
87, 43, 27, Red
49, 86, 45, Blue
6, 100, 41, Blue
55, 78, 68, Blue
38, 54, 41, Blue
36, 64, 75, Blue
40, 100, 31, Blue
39, 48, 100, Blue
57, 65, 45, Blue
41, 100, 84, Blue
24, 84, 57, Blue
27, 87, 81, Blue
33, 81, 68, Blue
62, 55, 53, Blue
20, 27, 97, Blue
100, 60, 44, Red
35, 100, 85, Blue
23, 89, 73, Blue
35, 100, 55, Blue
44, 100, 50, Blue
53, 6, 63, Blue
38, 78, 94, Blue
36, 100, 63, Blue
52, 92, 100, Blue
46, 59, 38, Blue
100, 59, 40, Red
46, 82, 43, Blue
26, 44, 69, Blue
47, 60, 29, Red
53, 78, 0, Blue
38, 88, 65, Blue
38, 54, 99, Blue
28, 82, 18, Blue
23, 69, 52, Blue
61, 100, 61, Blue
40, 87, 65, Blue
18, 82, 60, Blue
95, 0, 14, Red
100, 30, 25, Red
44, 59, 55, Blue
11, 100, 34, Blue
55, 9, 38, Red
22, 88, 59, Blue
0, 96, 9, Blue
44, 57, 31, Blue
36, 100, 25, Blue
39, 57, 51, Blue
8, 59, 29, Blue
32, 90, 31, Blue
12, 34, 8, Red
46, 50, 96, Blue
46, 100, 88, Blue
19, 56, 63, Blue
28, 100, 60, Blue
68, 69, 20, Red
71, 22, 46, Red
100, 59, 11, Red
38, 39, 87, Blue
74, 17, 51, Red
30, 100, 46, Blue
92, 27, 16, Red
31, 98, 69, Blue
100, 0, 36, Red
25, 62, 93, Blue
47, 92, 48, Blue
64, 16, 0, Red
38, 91, 69, Blue
49, 52, 79, Blue
11, 81, 72, Blue
57, 100, 92, Blue
40, 100, 63, Blue
39, 19, 47, Red
30, 100, 39, Blue
39, 59, 48, Blue
67, 18, 87, Red
33, 82, 65, Blue
32, 48, 75, Blue
22, 100, 63, Blue
77, 100, 83, Blue
6, 64, 70, Blue
52, 100, 44, Blue
22, 40, 4, Red
100, 50, 72, Red
30, 72, 53, Blue
22, 47, 37, Blue
21, 100, 55, Blue
35, 79, 54, Blue
10, 18, 98, Red
68, 32, 19, Blue
14, 100, 0, Blue
100, 19, 22, Red
35, 50, 46, Blue
9, 66, 87, Blue
76, 0, 93, Red
36, 55, 36, Blue
16, 83, 76, Blue
100, 8, 41, Red
29, 32, 69, Blue
8, 43, 0, Red
71, 26, 66, Red
18, 27, 27, Red
58, 69, 57, Blue
100, 26, 25, Red
41, 47, 23, Blue
25, 87, 21, Blue
100, 22, 34, Red
33, 52, 88, Blue
57, 13, 12, Red
27, 4, 10, Blue
52, 42, 33, Red
39, 100, 96, Blue
34, 95, 94, Blue
31, 85, 60, Blue
0, 56, 96, Blue
25, 70, 75, Blue
8, 61, 60, Blue
4, 33, 71, Blue
100, 30, 62, Red
34, 4, 40, Red
43, 100, 74, Blue
28, 83, 59, Blue
15, 85, 100, Blue
97, 37, 27, Red
39, 61, 51, Blue
24, 57, 100, Blue
81, 0, 48, Red
24, 77, 92, Blue
6, 28, 82, Blue
94, 49, 30, Red
90, 15, 66, Red
34, 77, 82, Blue
38, 75, 50, Blue
100, 5, 65, Red
15, 37, 49, Red
79, 0, 58, Red
30, 72, 39, Blue
26, 85, 92, Blue
45, 76, 100, Blue
73, 28, 51, Red
57, 60, 36, Blue
59, 75, 91, Blue
98, 27, 8, Red
31, 98, 44, Blue
20, 54, 93, Blue
14, 77, 58, Blue
27, 64, 58, Blue
100, 54, 3, Red
38, 100, 51, Blue
68, 97, 92, Blue
28, 100, 52, Blue
63, 54, 98, Blue
37, 57, 81, Blue
31, 100, 26, Blue
36, 85, 88, Blue
33, 76, 57, Blue
100, 17, 70, Red
49, 67, 86, Blue
26, 64, 42, Blue
100, 28, 27, Red
100, 9, 13, Red
53, 76, 0, Blue
37, 32, 84, Blue
38, 31, 46, Blue
59, 78, 65, Blue
41, 76, 41, Blue
0, 36, 43, Blue
36, 57, 59, Blue
91, 23, 36, Red
36, 100, 50, Blue
3, 84, 49, Blue
28, 96, 21, Blue
27, 81, 30, Blue
69, 56, 39, Red
42, 65, 93, Blue
38, 92, 61, Blue
37, 97, 75, Blue
22, 100, 62, Blue
34, 84, 30, Blue
40, 79, 65, Blue
38, 60, 85, Blue
45, 67, 100, Blue
24, 76, 50, Red
4, 80, 91, Blue
28, 66, 88, Blue
45, 61, 92, Blue
36, 91, 55, Blue
47, 70, 91, Blue
73, 1, 64, Red
51, 53, 26, Red
55, 81, 32, Blue
80, 15, 33, Red
20, 63, 82, Blue
14, 100, 55, Blue
21, 70, 33, Red
85, 42, 13, Red
27, 100, 56, Blue
25, 100, 73, Blue
31, 46, 66, Blue
28, 80, 71, Blue
87, 29, 57, Red
40, 88, 55, Blue
59, 89, 60, Blue
32, 56, 61, Red
42, 70, 82, Blue
48, 30, 27, Red
57, 33, 75, Red
66, 69, 81, Blue
32, 39, 49, Blue
1, 58, 48, Blue
25, 70, 49, Blue
16, 58, 5, Blue
25, 100, 62, Blue
33, 66, 36, Blue
100, 18, 37, Red
10, 71, 100, Blue
53, 91, 38, Blue
15, 58, 53, Blue
17, 76, 31, Blue
35, 64, 39, Blue
47, 22, 23, Red
61, 77, 62, Blue
20, 83, 9, Blue
54, 31, 48, Red
45, 95, 71, Blue
53, 40, 12, Red
34, 100, 53, Blue
69, 57, 32, Blue
67, 25, 53, Red
39, 94, 43, Blue
38, 83, 98, Blue
22, 17, 66, Red
8, 29, 78, Red
27, 44, 56, Blue
48, 8, 100, Blue
37, 77, 56, Blue
7, 66, 69, Blue
42, 70, 57, Blue
100, 36, 55, Red
14, 100, 31, Blue
9, 83, 37, Blue
59, 28, 60, Red
59, 18, 43, Red
93, 25, 33, Red
48, 53, 50, Red
51, 70, 48, Blue
71, 37, 33, Red
24, 100, 32, Blue
27, 39, 41, Blue
39, 100, 45, Blue
26, 97, 43, Blue
25, 100, 40, Blue
33, 47, 69, Blue
16, 73, 100, Blue
71, 6, 7, Red
100, 20, 54, Red
35, 0, 43, Red
94, 59, 0, Red
32, 77, 46, Blue
100, 44, 20, Red
33, 83, 47, Blue
42, 24, 0, Red
40, 75, 82, Blue
14, 64, 63, Blue
34, 50, 19, Red
19, 74, 72, Blue
100, 40, 19, Red
29, 18, 78, Blue
29, 90, 13, Blue
43, 71, 39, Blue
100, 30, 9, Red
28, 100, 35, Blue
38, 90, 34, Blue
31, 19, 37, Red
27, 75, 57, Blue
48, 23, 53, Red
63, 100, 43, Blue
100, 43, 75, Red
53, 77, 30, Blue
27, 45, 37, Blue
15, 94, 31, Blue
24, 57, 72, Blue
100, 12, 33, Red
48, 63, 49, Blue
34, 67, 83, Blue
27, 100, 38, Blue
22, 56, 59, Blue
35, 55, 53, Blue
100, 40, 86, Red
28, 66, 49, Blue
47, 87, 50, Blue
100, 56, 58, Red
64, 89, 38, Blue
26, 21, 0, Red
42, 100, 81, Blue
25, 65, 76, Blue
71, 42, 39, Red
31, 100, 85, Blue
39, 100, 80, Blue
100, 15, 12, Red
27, 39, 33, Blue
11, 40, 59, Blue
29, 82, 86, Blue
70, 32, 33, Red
30, 100, 62, Blue
49, 100, 43, Blue
43, 75, 52, Blue
31, 87, 100, Blue
31, 69, 83, Blue
30, 65, 14, Blue
43, 57, 10, Red
28, 13, 36, Red
23, 100, 48, Blue
63, 78, 55, Blue
78, 14, 100, Red
42, 87, 83, Blue
37, 75, 19, Blue
35, 69, 100, Blue
70, 25, 37, Red
14, 36, 82, Blue
75, 72, 0, Blue
39, 25, 58, Red
25, 25, 78, Blue
37, 83, 99, Blue
23, 77, 47, Blue
44, 40, 49, Blue
43, 70, 55, Blue
51, 24, 63, Red
47, 1, 23, Red
82, 29, 33, Red
100, 52, 25, Red
33, 64, 39, Blue
62, 23, 76, Blue
33, 90, 49, Blue
51, 59, 71, Blue
75, 33, 76, Red
2, 6, 1, Red
17, 100, 54, Blue
47, 46, 64, Blue
43, 69, 56, Blue
23, 57, 100, Blue
19, 66, 60, Blue
39, 61, 80, Blue
100, 27, 53, Red
62, 89, 57, Blue
40, 47, 41, Blue
45, 40, 83, Blue
43, 100, 51, Blue
41, 66, 51, Blue
34, 100, 56, Blue
13, 47, 78, Blue
31, 100, 52, Blue
71, 23, 82, Red
100, 27, 69, Red
93, 1, 60, Red
7, 64, 64, Blue
43, 66, 39, Blue
55, 44, 90, Blue
17, 74, 29, Blue
14, 87, 92, Blue
49, 90, 61, Blue
36, 82, 0, Blue
29, 98, 46, Blue
24, 91, 32, Blue
64, 24, 19, Red
48, 95, 31, Blue
81, 14, 87, Red
70, 33, 46, Red
39, 13, 61, Red
43, 53, 68, Blue
55, 94, 74, Blue
16, 94, 5, Blue
18, 71, 61, Blue
38, 69, 48, Blue
58, 39, 60, Blue
44, 100, 67, Blue
28, 45, 44, Blue
18, 84, 63, Blue
30, 77, 76, Blue
34, 88, 72, Blue
48, 0, 17, Red
27, 58, 79, Blue
63, 100, 51, Blue
31, 63, 48, Blue
91, 38, 65, Red
19, 100, 61, Blue
76, 41, 32, Red
36, 16, 62, Red
11, 100, 94, Blue
7, 63, 66, Blue
55, 100, 47, Blue
41, 99, 50, Blue
16, 100, 100, Blue
31, 49, 50, Blue
100, 13, 0, Red
100, 50, 42, Red
50, 7, 21, Red
21, 97, 49, Blue
28, 34, 50, Blue
17, 89, 49, Blue
42, 46, 82, Blue
67, 46, 46, Red
33, 62, 31, Blue
27, 31, 77, Blue
26, 73, 6, Blue
95, 37, 0, Red
38, 67, 29, Blue
76, 62, 67, Blue
45, 100, 30, Blue
71, 27, 70, Red
73, 100, 100, Blue
39, 100, 71, Blue
42, 41, 38, Blue
39, 100, 68, Blue
29, 72, 50, Blue
14, 61, 85, Blue
60, 12, 100, Red
60, 52, 97, Blue
29, 72, 34, Blue
38, 57, 69, Blue
8, 84, 27, Blue
39, 89, 12, Blue
37, 91, 68, Blue
37, 58, 57, Blue
18, 100, 45, Blue
45, 64, 67, Blue
0, 100, 58, Blue
33, 72, 50, Blue
34, 99, 49, Blue
31, 51, 34, Red
45, 19, 13, Red
13, 41, 81, Blue
84, 17, 0, Red
8, 58, 57, Blue
35, 100, 100, Blue
48, 100, 39, Blue
17, 50, 52, Blue
34, 62, 84, Blue
32, 62, 39, Blue
86, 0, 71, Red
